Step: 0 | Accurate: 0.51166666 | Loss: 603942.94
Step: 50 | Accurate: 0.61666667 | Loss: 72297.40
Step: 100 | Accurate: 0.67472219 | Loss: 18490.37
Step: 150 | Accurate: 0.73562503 | Loss: 8082.69
Step: 200 | Accurate: 0.77933335 | Loss: 4464.44
Step: 250 | Accurate: 0.80958331 | Loss: 3383.84
Step: 300 | Accurate: 0.83190477 | Loss: 2880.27
Step: 350 | Accurate: 0.84729165 | Loss: 2638.04
Step: 400 | Accurate: 0.86027777 | Loss: 3279.24
Step: 450 | Accurate: 0.86933333 | Loss: 2552.99
Step: 500 | Accurate: 0.87477273 | Loss: 3422.97
Step: 550 | Accurate: 0.88291669 | Loss: 2444.26
Step: 600 | Accurate: 0.88891023 | Loss: 1944.57
Step: 650 | Accurate: 0.89517856 | Loss: 1850.53
Step: 700 | Accurate: 0.89983332 | Loss: 2716.37
Step: 750 | Accurate: 0.90390623 | Loss: 2519.85
Step: 800 | Accurate: 0.90857846 | Loss: 2187.25
Step: 850 | Accurate: 0.91254628 | Loss: 1858.42
Step: 900 | Accurate: 0.91618419 | Loss: 1606.63
Step: 950 | Accurate: 0.91937500 | Loss: 1579.31
Step: 1000 | Accurate: 0.92230159 | Loss: 1335.76
Step: 1050 | Accurate: 0.92492425 | Loss: 1438.17
Step: 1100 | Accurate: 0.92673916 | Loss: 1526.67
Step: 1150 | Accurate: 0.92899305 | Loss: 1440.57
Step: 1200 | Accurate: 0.93073332 | Loss: 1618.36
predictions_2: [1 0 1 0 0 0 0 1 1 0 0 0 1 0 1 0 0 0 0 0 1 1 0 0 0 1 1 0 0 0 0 0 1 1 1 1 0
 1 1 1 0 1 1 1 1 0 0 1 0 0] output: [[ -94701.71875      92792.9140625 ]
 [ 120476.546875   -128127.3828125 ]
 [ -98796.9296875    96466.3984375 ]
 [ 195443.53125    -201491.53125   ]
 [  34308.91796875  -39319.6484375 ]
 [ 221136.734375   -229473.703125  ]
 [  87795.359375    -90131.484375  ]
 [-114691.0390625   110188.6328125 ]
 [ -72058.3515625    69689.28125   ]
 [  82656.796875    -88845.1171875 ]
 [ 109651.84375    -115208.6875    ]
 [  75216.4453125   -76969.65625   ]
 [ -94077.046875     92657.78125   ]
 [ 196114.875      -206478.875     ]
 [-102059.8828125    97879.3671875 ]
 [  86490.71875     -92060.375     ]
 [ 271832.71875    -278211.59375   ]
 [ 309636.15625    -318416.46875   ]
 [  41046.71484375  -48430.56640625]
 [  75631.5078125   -81934.0078125 ]
 [ -88892.9609375    84312.28125   ]
 [ -99972.8984375    98099.0625    ]
 [  20320.93554688  -23897.54101562]
 [ 120907.21875    -128379.328125  ]
 [  80329.890625    -83644.28125   ]
 [ -92959.328125     89422.21875   ]
 [-120680.84375     119143.015625  ]
 [  81417.75        -89706.71875   ]
 [  30499.05273438  -32419.18554688]
 [  52290.98828125  -53154.578125  ]
 [ 291116.90625    -296104.1875    ]
 [  48084.19921875  -51559.60546875]
 [ -76618.265625     74797.46875   ]
 [  -3075.40063477   -2621.61499023]
 [-145160.171875    142180.265625  ]
 [ -85927.59375      88669.03125   ]
 [ 152470.         -157602.6875    ]
 [-130775.9609375   125855.203125  ]
 [ -86024.421875     84358.03125   ]
 [  -9025.20507812    3983.31079102]
 [ 244983.78125    -250634.3125    ]
 [ -75409.21875      73698.0234375 ]
 [ -88748.921875     87813.421875  ]
 [ -63968.80859375   58398.20703125]
 [ -94920.03125      89975.0546875 ]
 [  48096.94921875  -52527.49609375]
 [ 145874.375      -149038.953125  ]
 [ -85518.4140625    84955.671875  ]
 [  81752.7265625   -86434.6484375 ]
 [  50447.17578125  -53050.3203125 ]]
accuracy: 0.930749
tf_y_ [[ 0.  1.]
 [ 1.  0.]
 [ 0.  1.]
 [ 1.  0.]
 [ 1.  0.]
 [ 1.  0.]
 [ 1.  0.]
 [ 0.  1.]
 [ 0.  1.]
 [ 1.  0.]
 [ 1.  0.]
 [ 1.  0.]
 [ 0.  1.]
 [ 1.  0.]
 [ 0.  1.]
 [ 1.  0.]
 [ 1.  0.]
 [ 1.  0.]
 [ 1.  0.]
 [ 1.  0.]
 [ 0.  1.]
 [ 0.  1.]
 [ 1.  0.]
 [ 1.  0.]
 [ 1.  0.]
 [ 0.  1.]
 [ 0.  1.]
 [ 1.  0.]
 [ 1.  0.]
 [ 0.  1.]
 [ 1.  0.]
 [ 1.  0.]
 [ 0.  1.]
 [ 1.  0.]
 [ 0.  1.]
 [ 0.  1.]
 [ 1.  0.]
 [ 0.  1.]
 [ 0.  1.]
 [ 1.  0.]
 [ 1.  0.]
 [ 0.  1.]
 [ 0.  1.]
 [ 0.  1.]
 [ 0.  1.]
 [ 1.  0.]
 [ 1.  0.]
 [ 0.  1.]
 [ 1.  0.]
 [ 1.  0.]]